4294967294,1420
4294967294,437
1369,6
1369,5
1369,4
1369,3
1369,2
1369,1
4294967294,1423
1366,6
4294967279,242
1366,5
4294967279,226
1366,4
1366,3
1366,2
1366,1
4294967294,1421
1365,5
1365,4
1365,3
1365,2
1365,1
1364,4
1364,3
1364,2
1364,1
1363,5
1363,4
1363,3
1363,2
1363,1
1362,4
1362,3
1362,2
1362,1
1361,4
1361,3
1361,2
1361,1
4294967278,390
4294967294,977
4294967294,185
4294967279,277
4294967279,197
1360,6
1360,5
1360,4
4294967279,269
1360,3
1360,2
1360,1
4294967278,189
4294967279,189
4294967278,183
1357,6
4294967294,412
4294967294,407
1357,5
1357,4
1357,3
1357,2
1357,1
1356,5
1356,4
1356,3
1356,2
1356,1
1355,4
1355,3
1355,2
1355,1
1354,5
1354,4
1354,3
1354,2
1354,1
1353,4
1353,3
1353,2
1353,1
1352,4
1352,3
1352,2
1352,1
4294967279,133
4294967278,301
4294967279,304
4294967294,1031
4294967279,361
4294967279,374
4294967279,526
4294967279,268
4294967279,524
4294967279,300
4294967278,384
1351,6
1351,5
1351,4
1351,3
1351,2
1351,1
1348,6
4294967294,463
1348,5
1348,4
1348,3
1348,2
1348,1
1347,5
1347,4
1347,3
1347,2
1347,1
1346,4
1346,3
1346,2
1346,1
4294967279,339
4294967294,1024
1345,5
1345,4
1345,3
1345,2
1345,1
4294967278,354
1344,4
1344,3
1344,2
1344,1
1343,4
1343,3
1343,2
1343,1
4294967278,424
4294967294,387
4294967279,525
4294967278,220
4294967279,368
4294967279,360
4294967278,366
4294967278,365
4294967279,373
1342,6
1342,5
1342,4
1342,3
1342,2
1342,1
4294967279,146
4294967279,295
4294967279,135
4294967278,134
1339,6
1339,5
1339,4
1339,3
1339,2
1339,1
4294967279,357
4294967278,264
1338,5
4294967279,265
1338,4
1338,3
1338,2
1338,1
4294967279,263
4294967278,259
4294967278,258
1337,4
1337,3
1337,2
1337,1
4294967279,560
1336,5
1336,4
1336,3
1336,2
1336,1
1335,4
1335,3
1335,2
1335,1
1334,4
1334,3
1334,2
1334,1
4294967278,317
4294967279,243
4294967279,370
4294967278,248
4294967279,367
4294967279,365
4294967279,364
4294967279,363
4294967294,1025
4294967279,571
4294967279,362
1333,6
1333,5
1333,4
1333,3
1333,2
1333,1
4294967294,988
1330,6
1330,5
1330,4
1330,3
1330,2
1330,1
1329,5
1329,4
1329,3
1329,2
1329,1
1328,4
1328,3
1328,2
1328,1
1327,5
1327,4
1327,3
1327,2
1327,1
1326,4
1326,3
1326,2
1326,1
4294967294,397
1325,4
1325,3
1325,2
1325,1
4294967279,303
4294967294,1027
4294967294,976
4294967279,521
4294967278,358
4294967278,253
4294967278,360
1324,6
1324,5
1324,4
1324,3
1324,2
1324,1
4294967279,523
1321,6
1321,5
1321,4
1321,3
1321,2
1321,1
1320,5
1320,4
1320,3
1320,2
1320,1
4294967279,193
1319,4
1319,3
1319,2
1319,1
4294967294,179
4294967294,168
1318,5
1318,4
1318,3
1318,2
1318,1
4294967279,182
1317,4
1317,3
1317,2
1317,1
1316,4
1316,3
1316,2
1316,1
4294967279,519
4294967278,433
4294967278,244
4294967278,401
4294967278,330
4294967278,356
4294967278,30
4294967279,522
4294967278,430
4294967278,242
4294967278,141
4294967279,140
4294967278,240
1315,6
1315,5
1315,4
1315,3
1315,2
1315,1
4294967279,356
4294967278,363
4294967278,361
1312,6
1312,5
1312,4
1312,3
1312,2
1312,1
1311,5
1311,4
1311,3
1311,2
1311,1
1310,4
1310,3
1310,2
1310,1
1309,5
1309,4
1309,3
1309,2
1309,1
1308,4
1308,3
1308,2
1308,1
4294967279,212
1307,4
1307,3
1307,2
1307,1
4294967278,236
4294967278,431
4294967278,234
4294967294,178
4294967294,465
4294967278,232
4294967278,182
4294967278,166
4294967278,164
4294967279,164
1306,6
1306,5
1306,4
1306,3
1306,2
1306,1
4294967279,358
4294967278,147
4294967279,147
1303,6
4294967278,140
4294967279,141
1303,5
4294967279,139
1303,4
1303,3
1303,2
1303,1
4294967279,293
1302,5
1302,4
1302,3
1302,2
1302,1
1301,4
1301,3
1301,2
1301,1
4294967294,190
4294967279,354
1300,5
1300,4
1300,3
1300,2
1300,1
1299,4
1299,3
1299,2
1299,1
4294967278,359
1298,4
1298,3
1298,2
1298,1
4294967278,388
1297,6
1297,5
1297,4
1297,3
1297,2
1297,1
4294967279,351
1294,6
4294967294,972
4294967294,163
1294,5
1294,4
1294,3
1294,2
1294,1
1293,5
1293,4
1293,3
1293,2
1293,1
1292,4
1292,3
1292,2
1292,1
4294967278,222
1291,5
1291,4
1291,3
1291,2
1291,1
1290,4
1290,3
1290,2
1290,1
4294967278,218
1289,4
1289,3
1289,2
1289,1
4294967279,518
4294967279,347
4294967279,305
4294967278,216
4294967278,319
4294967279,276
4294967279,262
1288,6
1288,5
1288,4
1288,3
1288,2
1288,1
4294967278,318
4294967278,249
4294967294,980
4294967278,239
1285,6
1285,5
1285,4
1285,3
1285,2
1285,1
4294967278,227
4294967278,225
1284,5
1284,4
1284,3
1284,2
1284,1
1283,4
1283,3
1283,2
1283,1
1282,5
1282,4
1282,3
1282,2
1282,1
4294967279,206
1281,4
1281,3
1281,2
1281,1
1280,4
1280,3
1280,2
1280,1
4294967278,353
4294967279,138
1279,6
1279,5
1279,4
1279,3
1279,2
1279,1
4294967294,978
1276,6
1276,5
1276,4
1276,3
1276,2
1276,1
4294967278,62
4294967278,61
4294967278,60
4294967278,59
4294967278,58
4294967278,57
4294967278,56
4294967278,55
4294967278,54
4294967278,53
4294967278,52
4294967278,51
4294967278,50
4294967278,49
4294967278,48
4294967278,47
4294967278,46
4294967278,45
4294967278,44
4294967278,43
4294967278,42
4294967278,41
4294967278,40
4294967278,39
4294967278,38
4294967278,37
4294967278,23
1275,5
1275,4
1275,3
1275,2
1275,1
1274,4
1274,3
1274,2
1274,1
1273,5
1273,4
1273,3
1273,2
1273,1
1272,4
1272,3
1272,2
1272,1
1271,4
1271,3
1271,2
1271,1
4294967278,316
4294967279,514
4294967278,336
4294967279,136
4294967279,223
4294967278,221
4294967279,221
4294967278,219
4294967278,217
4294967278,215
4294967278,214
1270,6
4294967279,215
1270,5
4294967278,213
1270,4
1270,3
1270,2
1270,1
4294967278,205
1267,6
1267,5
4294967278,191
4294967278,190
1267,4
4294967279,191
1267,3
1267,2
1267,1
4294967294,392
1266,5
1266,4
1266,3
1266,2
1266,1
1265,4
1265,3
1265,2
1265,1
4294967279,319
1264,5
1264,4
1264,3
1264,2
1264,1
1263,4
1263,3
1263,2
1263,1
1262,4
1262,3
1262,2
1262,1
4294967279,344
1261,6
1261,5
1261,4
1261,3
1261,2
1261,1
1258,6
4294967294,1029
4294967294,967
1258,5
1258,4
1258,3
1258,2
1258,1
1257,5
1257,4
1257,3
1257,2
1257,1
1256,4
1256,3
1256,2
1256,1
1255,5
1255,4
1255,3
1255,2
1255,1
1254,4
1254,3
1254,2
1254,1
1253,4
1253,3
1253,2
1253,1
4294967278,310
4294967278,309
4294967279,380
4294967278,300
4294967294,398
4294967294,466
4294967279,323
4294967278,386
1252,6
1252,5
1252,4
1252,3
1252,2
1252,1
4294967279,341
4294967278,163
4294967279,340
1249,6
1249,5
1249,4
1249,3
1249,2
1249,1
4294967278,442
1248,5
1248,4
1248,3
1248,2
1248,1
1247,4
1247,3
1247,2
1247,1
4294967279,142
4294967278,308
1246,5
1246,4
1246,3
1246,2
1246,1
4294967279,137
1245,4
1245,3
1245,2
1245,1
1244,4
1244,3
1244,2
1244,1
4294967278,307
4294967279,85
4294967279,83
4294967279,82
4294967279,81
4294967279,79
4294967279,78
4294967279,75
4294967279,74
4294967279,73
4294967279,72
4294967279,71
4294967279,69
4294967279,66
4294967279,63
4294967279,61
4294967279,59
4294967279,58
4294967279,57
4294967279,56
4294967279,53
4294967279,52
4294967279,51
4294967279,50
4294967279,49
4294967279,47
4294967279,45
4294967279,43
4294967279,42
4294967279,41
4294967279,40
4294967279,39
4294967279,37
4294967279,35
4294967279,34
4294967279,32
4294967279,30
4294967279,29
4294967279,28
4294967279,26
4294967279,23
4294967279,20
4294967279,19
4294967279,18
4294967279,17
4294967279,15
4294967279,14
4294967279,12
4294967279,10
4294967279,8
4294967279,255
4294967278,306
4294967294,405
1243,6
1243,5
4294967278,238
1243,4
1243,3
1243,2
1243,1
4294967294,968
4294967278,210
4294967279,335
1240,6
4294967278,304
1240,5
1240,4
4294967279,205
1240,3
1240,2
1240,1
4294967278,446
1239,5
1239,4
1239,3
1239,2
1239,1
1238,4
1238,3
1238,2
1238,1
4294967279,190
1237,5
4294967278,187
1237,4
1237,3
1237,2
1237,1
1236,4
1236,3
1236,2
1236,1
1235,4
1235,3
1235,2
1235,1
4294967278,302
4294967279,334
4294967279,552
4294967278,398
4294967294,384
4294967294,410
4294967294,459
4294967294,413
4294967279,550
4294967278,352
4294967278,146
1234,6
1234,5
1234,4
1234,3
1234,2
1234,1
4294967278,400
4294967294,1032
4294967278,133
4294967278,272
4294967279,274
4294967279,333
4294967279,332
1231,6
1231,5
1231,4
1231,3
1231,2
1231,1
1230,5
1230,4
1230,3
1230,2
1230,1
1229,4
1229,3
1229,2
1229,1
4294967294,388
1228,5
1228,4
1228,3
1228,2
1228,1
4294967294,470
1227,4
1227,3
1227,2
1227,1
4294967294,981
4294967294,173
4294967278,237
4294967279,237
1226,4
1226,3
1226,2
1226,1
4294967294,120
4294967279,345
4294967279,532
4294967278,439
4294967279,350
4294967279,174
4294967294,116
4294967294,184
4294967294,110
4294967278,209
4294967279,348
4294967279,204
4294967278,364
4294967278,131
4294967278,129
4294967278,128
4294967278,127
4294967278,125
4294967278,123
4294967278,122
4294967278,121
4294967278,120
4294967278,118
4294967278,117
4294967278,116
4294967278,115
4294967278,114
4294967278,113
4294967278,112
4294967278,345
4294967278,96
4294967278,95
4294967278,94
4294967278,93
4294967278,90
4294967278,89
4294967278,84
4294967278,82
4294967278,81
4294967278,80
4294967278,79
4294967278,78
4294967278,71
4294967278,70
4294967278,69
4294967278,66
4294967278,65
4294967278,64
4294967278,63
4294967279,157
4294967279,80
4294967279,70
4294967279,68
4294967279,67
4294967279,54
4294967279,48
4294967279,46
4294967279,38
4294967279,36
4294967279,33
4294967279,31
4294967279,13
4294967278,87
4294967278,86
4294967278,387
